<<<<<<< HEAD
944
141
680
37
386
368
356
639
727
939
516
605
195
99
728
71
443
505
321
946
820
809
799
778
663
783
265
935
799
407
759
972
461
880
725
832
973
724
412
705
475
539
511
466
968
430
934
579
271
538
460
267
594
513
989
900
78
420
761
443
455
133
314
799
924
937
90
451
675
216
727
29
691
972
571
298
375
205
858
948
188
709
958
946
588
936
949
844
760
960
324
591
307
848
627
116
196
192
768
491
109
911
267
401
601
432
842
778
610
920
169
30
988
671
644
610
330
999
226
753
270
955
868
749
647
393
456
732
497
183
349
324
765
140
486
618
524
628
999
495
348
154
901
884
829
275
774
727
165
438
779
906
47
751
431
101
849
405
340
71
684
935
287
943
944
997
376
221
837
691
731
660
493
732
804
944
964
376
82
98
800
431
115
316
689
511
118
258
28
451
410
53
808
644
203
468
992
168
460
925
719
557
861
140
380
202
219
275
212
631
684
146
710
359
932
205
650
336
338
77
597
393
311
55
676
991
469
652
694
189
605
947
977
557
143
983
305
413
147
624
912
337
114
474
186
168
840
488
680
726
178
625
336
609
56
435
650
444
106
218
194
657
976
220
765
876
991
210
239
107
858
76
116
519
947
397
413
668
357
442
783
385
140
439
596
762
715
92
752
20
555
544
595
219
111
775
152
533
829
870
781
940
328
688
448
186
678
910
65
748
306
950
318
440
129
28
27
466
584
141
166
128
37
353
351
723
324
432
193
304
790
802
572
143
421
584
50
354
892
260
649
151
235
733
33
641
214
380
58
298
552
324
929
594
739
183
118
439
305
247
163
913
695
883
680
785
493
835
706
129
960
722
374
230
496
868
207
287
212
579
863
166
756
897
875
826
577
508
56
620
174
337
955
697
350
792
274
423
466
904
499
798
840
173
243
455
767
722
611
323
294
548
886
737
881
4
803
385
633
406
849
188
285
528
641
416
192
687
764
554
259
661
135
72
771
468
882
418
906
181
765
418
259
722
704
541
44
355
595
587
913
707
998
553
152
9
394
950
573
971
374
198
902
535
346
565
395
11
445
612
702
664
532
92
97
534
361
844
841
455
382
257
120
322
995
131
466
2
178
467
110
107
31
950
68
18
466
206
173
700
143
164
571
476
514
663
101
853
280
233
735
551
362
992
882
407
1000
88
289
527
60
704
381
628
836
508
748
413
24
114
920
59
242
939
758
597
864
619
500
804
237
990
750
588
822
674
649
784
412
613
575
853
846
183
555
475
966
916
328
918
895
320
990
276
116
479
918
517
688
340
912
48
632
741
499
946
726
313
99
104
286
237
520
215
376
558
193
679
519
280
798
390
634
494
833
306
131
361
915
497
539
209
264
479
437
293
924
202
546
414
316
42
472
585
808
31
917
919
49
475
218
563
82
630
471
390
825
153
466
492
242
936
556
110
315
125
985
601
777
752
541
543
256
871
123
349
324
190
331
630
412
544
257
241
435
61
689
255
948
351
463
609
457
322
172
862
211
440
792
689
541
782
146
880
776
197
431
933
690
880
321
385
841
268
102
273
763
883
710
431
845
758
704
142
282
827
910
987
471
578
387
847
350
553
755
257
241
522
118
575
668
194
575
309
320
364
805
141
427
937
21
158
821
980
17
702
192
941
229
917
781
740
699
954
385
488
97
873
708
153
845
337
162
441
423
257
828
109
107
527
73
688
74
583
425
148
999
646
424
790
894
147
823
279
981
590
823
833
516
629
262
987
556
655
546
797
358
468
724
255
392
380
902
51
374
266
913
184
972
875
574
766
412
888
653
353
887
650
803
483
818
705
306
451
804
54
481
833
594
517
696
68
426
215
782
952
200
835
632
763
270
84
582
385
506
467
76
752
83
375
73
562
12
497
746
968
678
312
62
165
710
391
263
445
820
161
933
770
803
372
534
316
670
952
291
339
994
661
860
340
554
17
787
813
52
926
869
685
574
31
988
719
934
903
720
114
859
452
218
369
770
980
38
153
550
393
343
713
266
323
404
995
338
116
669
61
425
386
801
428
797
556
564
566
726
509
333
269
641
101
790
651
477
210
23
126
615
194
173
252
936
977
452
14
981
895
343
935
745
345
990
265
41
948
783
292
727
531
299
277
205
168
662
269
823
600
574
632
428
564
389
443
366
960
902
104
188
997
346
136
215
48
692
282
222
610
972
528
503
274
845
276
7
957
320
115
774
157
722
26
786
822
93
297
911
462
287
897
826
384
585
829
483
516
162
738
894
504
387
458
776
494
655
848
534
86
944
742
2
484
710
660
409
334
863
707
932
600
269
21
228
753
991
809
572
133
181
408
633
270
909
916
656
720
646
494
312
637
586
473
739
959
500
388
360
554
829
228
891
729
499
307
789
393
190
882
487
435
698
772
373
431
126
736
691
490
60
841
3
990
862
988
460
808
270
853
16
84
421
660
749
599
197
952
726
849
693
527
614
36
535
650
157
307
197
661
771
536
313
122
658
217
289
674
36
884
868
712
604
631
769
806
987
266
638
673
922
112
895
84
941
737
39
99
527
930
390
61
43
634
339
282
140
361
439
285
200
847
782
662
614
229
502
429
341
329
913
575
581
920
18
968
789
263
901
633
84
382
146
971
252
248
950
769
184
29
112
889
982
826
932
84
216
506
368
624
813
123
889
230
406
815
624
942
758
849
188
809
154
466
962
677
320
141
903
848
610
896
637
742
206
370
70
569
205
821
666
780
27
949
828
596
456
464
972
433
123
622
435
413
415
929
997
227
470
26
872
795
906
517
167
380
203
622
828
930
90
993
673
577
959
866
536
771
934
815
907
168
321
837
586
418
376
564
695
225
344
235
716
479
442
894
349
911
198
595
258
266
945
243
179
84
118
903
347
125
952
790
168
505
268
957
479
237
809
123
907
105
316
77
781
174
709
204
937
851
767
177
512
816
499
837
348
587
764
86
562
902
601
497
369
913
119
914
171
641
786
43
792
968
552
409
214
509
354
360
850
439
131
397
369
471
7
896
689
997
70
655
243
710
466
376
194
237
133
132
423
114
937
278
625
66
445
571
451
667
892
320
399
498
574
145
360
532
339
54
194
659
620
703
898
756
974
777
629
335
48
393
772
644
206
440
276
658
206
456
415
524
383
138
890
692
357
850
570
963
395
936
931
206
93
645
689
190
567
751
140
352
311
669
792
247
243
162
5
174
156
800
396
411
411
240
680
384
58
555
619
343
77
356
242
991
498
730
650
989
342
715
570
29
331
450
613
523
657
325
249
947
306
690
893
274
308
110
619
532
746
51
720
596
944
416
892
85
713
214
990
177
699
250
433
60
244
306
707
157
1
512
991
707
121
608
571
212
383
506
633
176
588
622
667
187
420
219
374
668
831
336
532
505
410
451
264
806
87
508
365
327
554
369
80
376
249
499
741
950
41
953
201
236
901
985
23
54
989
797
16
706
167
964
610
515
404
37
964
794
835
580
114
420
68
778
715
185
432
212
886
710
662
688
91
459
742
933
791
698
893
17
84
484
935
258
698
496
944
846
375
52
753
98
293
462
699
318
804
466
891
119
560
463
832
346
971
296
55
482
331
234
900
472
790
446
348
981
945
118
88
902
529
308
505
217
857
812
251
393
900
891
1
109
3
728
61
174
934
712
672
525
335
10
645
864
827
420
438
223
802
333
125
515
927
293
724
242
45
689
700
455
285
126
674
317
713
637
673
20
580
21
920
222
396
960
780
645
631
109
881
289
704
150
397
276
716
757
636
812
198
284
695
292
373
250
319
149
406
340
522
240
592
742
636
195
46
672
269
376
953
26
722
65
865
6
134
368
584
276
565
430
597
495
841
826
838
379
980
256
934
507
316
638
446
757
213
733
716
697
910
298
658
262
200
237
935
11
909
949
862
901
782
879
147
69
224
54
509
750
901
887
188
950
316
615
858
190
911
103
134
481
912
296
622
153
352
254
873
731
61
749
584
335
715
258
776
720
245
685
183
636
385
270
400
725
248
750
881
910
840
886
372
417
890
808
235
989
729
46
356
4
749
823
192
65
88
357
334
507
311
244
508
926
328
567
204
648
327
50
416
699
812
433
607
510
190
649
981
24
639
185
790
439
345
912
711
617
249
49
886
32
120
630
83
15
59
362
186
50
32
82
429
182
960
619
742
401
618
49
488
622
786
518
731
320
972
524
6
977
864
13
223
343
25
233
409
658
699
61
677
700
825
59
338
769
891
556
230
474
736
802
264
107
863
105
50
879
631
367
293
900
946
447
911
444
930
24
327
37
423
485
27
80
374
110
701
674
701
129
581
161
939
984
888
985
840
870
518
519
623
977
693
115
862
450
219
654
381
602
320
908
884
12
180
867
10
625
167
627
137
99
185
959
379
29
723
141
457
974
627
247
357
872
561
51
976
756
256
331
166
391
218
356
114
30
103
696
114
406
627
600
997
60
612
834
634
705
201
348
826
357
355
616
850
333
994
949
998
944
396
280
314
42
902
854
813
402
868
55
226
548
820
865
183
997
842
395
637
265
268
863
119
513
577
668
816
372
474
773
347
692
38
718
228
825
843
879
458
40
466
928
41
634
46
618
819
371
368
206
840
659
934
414
826
823
681
288
350
650
111
505
489
17
578
97
365
476
668
841
310
4
519
804
734
19
621
723
1000
154
823
587
3
130
755
534
655
912
848
315
716
681
545
731
80
835
748
712
998
793
234
562
886
820
123
114
55
871
366
377
749
305
65
144
8
860
404
537
494
439
7
90
256
498
556
61
462
185
175
608
906
276
967
13
30
925
232
990
83
333
817
774
896
640
172
72
13
499
866
206
196
494
414
844
772
793
286
797
645
964
96
841
549
312
433
125
842
43
46
469
298
380
119
313
922
890
562
773
938
603
775
223
72
844
267
171
729
907
805
603
325
203
556
436
905
516
583
625
464
771
798
761
914
826
806
217
983
262
192
160
860
497
723
701
507
267
325
730
835
421
114
909
959
129
10
773
554
228
561
21
75
559
238
852
580
38
64
909
920
824
303
636
757
23
740
26
224
529
944
398
871
80
271
85
394
916
146
65
175
679
918
488
728
460
794
956
589
273
572
266
599
790
248
9
21
163
628
890
856
327
824
317
421
266
529
112
766
268
216
544
651
675
667
391
494
659
372
973
92
557
400
104
337
77
518
75
641
955
137
498
469
865
5
41
436
38
56
686
686
502
409
194
950
961
831
272
566
373
593
659
393
737
20
696
24
909
71
628
435
878
930
193
73
879
60
317
996
901
116
637
645
8
595
465
76
563
590
579
85
296
62
409
95
325
342
947
133
61
779
468
190
912
322
406
454
464
836
775
365
846
404
70
833
593
488
79
264
623
751
74
462
360
37
73
303
942
946
542
520
861
869
694
70
845
89
652
253
942
306
28
363
252
153
583
526
917
298
159
803
385
184
248
937
118
196
523
336
746
119
259
158
452
903
874
184
397
820
538
119
504
511
612
919
174
161
645
871
424
201
183
532
72
605
692
901
283
849
715
743
540
676
384
771
942
887
946
622
781
22
406
916
608
668
732
800
368
434
532
386
15
268
899
423
633
199
628
484
552
354
979
482
381
759
651
754
460
751
951
291
756
6
37
395
548
281
705
822
644
386
660
648
514
70
530
46
237
116
229
886
97
888
913
849
266
136
134
398
223
876
826
265
779
543
699
980
970
910
68
131
98
895
942
83
410
909
651
496
819
825
918
668
651
333
880
578
284
895
619
960
415
442
371
828
764
966
773
722
285
843
812
54
864
254
982
489
465
681
260
777
373
256
233
582
540
410
418
740
775
290
203
636
312
941
857
502
720
422
738
566
111
213
38
806
9
539
209
1000
942
565
913
76
780
570
304
172
964
227
405
825
832
692
929
710
467
629
602
768
190
718
144
348
539
846
506
201
78
119
40
960
1000
914
554
929
381
646
290
765
66
412
568
921
305
758
158
182
985
641
208
975
52
423
234
334
331
878
212
856
749
903
890
331
735
417
150
227
481
910
176
938
9
650
580
531
848
655
874
517
945
739
689
477
316
538
963
275
10
3
689
822
413
591
578
546
782
311
980
268
290
953
645
593
191
157
154
613
985
505
533
56
153
122
577
163
307
632
27
159
149
11
544
38
681
818
229
231
922
864
502
722
190
595
719
856
42
453
533
512
207
5
552
309
984
157
800
43
99
850
893
600
32
324
902
78
203
880
41
643
395
219
954
487
486
130
734
672
307
6
412
275
862
993
807
2
956
214
144
57
844
670
75
11
367
930
235
517
795
100
621
416
538
790
682
240
144
634
552
491
916
249
198
368
724
916
417
778
35
689
591
297
248
760
325
187
103
55
92
591
391
591
508
392
576
56
811
627
848
953
831
899
358
71
464
841
325
896
490
827
158
549
643
553
209
358
533
458
376
396
715
812
180
691
390
471
830
478
918
52
832
440
972
397
936
85
517
793
271
201
174
201
490
33
619
148
50
383
918
651
167
742
712
966
905
318
803
81
312
840
226
565
5
857
516
317
597
453
868
41
71
535
775
767
924
116
141
455
752
167
188
646
430
2
50
773
209
741
558
484
288
726
2
252
993
139
7
873
820
663
648
849
780
491
506
942
20
598
224
917
987
104
880
109
536
368
163
595
20
62
759
309
40
281
60
779
267
733
614
628
220
957
56
158
273
85
646
776
293
729
84
415
907
802
649
626
142
852
368
387
363
224
614
198
927
816
113
410
683
932
842
208
850
967
305
488
949
261
225
612
966
629
98
273
294
62
477
142
544
823
872
658
489
828
507
231
505
117
285
5
833
827
170
62
593
664
710
333
800
378
624
792
978
596
574
989
159
255
310
711
387
651
371
99
671
222
237
782
451
363
140
426
105
705
56
208
434
366
365
354
124
2
832
122
998
380
255
267
72
714
511
840
791
421
290
669
949
132
133
904
509
559
340
595
235
681
735
349
307
781
194
487
528
302
955
626
894
752
442
60
693
825
892
6
106
153
415
900
486
391
18
245
607
417
253
345
359
898
793
335
282
733
918
152
451
743
463
810
132
281
747
496
939
418
750
803
727
572
450
477
699
510
712
16
344
974
831
605
701
698
964
998
748
405
619
894
15
627
309
329
688
465
673
329
255
880
714
203
422
593
588
623
695
564
703
395
279
941
565
833
326
699
995
643
2
793
730
455
234
452
299
277
443
986
729
66
528
644
61
802
866
443
12
630
623
35
224
478
449
742
913
557
31
947
906
254
351
675
180
506
143
742
518
915
271
921
578
652
18
214
395
534
882
324
965
582
124
462
730
19
782
484
880
691
552
587
755
116
534
402
416
922
862
379
258
352
217
44
18
386
1000
777
270
251
842
135
541
308
331
652
950
109
210
957
371
9
799
635
764
151
987
150
334
170
400
133
474
57
230
406
776
434
871
739
637
282
536
412
821
291
730
405
700
595
787
925
401
717
198
357
592
902
3
812
195
210
448
378
877
965
93
416
461
295
644
690
757
674
55
592
741
44
428
782
532
452
393
651
565
534
734
491
447
238
459
689
830
860
414
291
991
577
661
506
40
481
84
986
40
531
146
485
295
817
770
340
592
527
499
731
579
354
371
493
995
940
143
613
350
174
787
137
909
285
211
595
931
954
321
270
656
686
899
749
716
924
674
198
378
457
649
623
506
945
571
476
494
16
487
766
423
309
787
216
384
357
256
445
600
230
524
314
73
760
125
636
950
420
691
25
851
328
532
593
595
574
758
761
683
60
982
688
454
894
709
48
994
288
418
589
269
721
264
662
706
328
863
761
194
925
964
602
90
202
163
1000
40
640
440
193
496
121
500
284
26
337
461
239
510
916
428
200
853
76
579
909
736
729
703
115
844
904
899
862
639
462
941
904
21
258
109
200
357
461
370
152
629
876
524
180
263
711
330
321
392
708
455
506
284
837
701
484
832
497
33
905
89
619
990
958
534
708
962
493
684
105
755
726
464
297
827
146
759
756
241
759
874
348
796
248
188
276
555
361
296
178
981
661
906
44
219
215
682
923
857
650
789
448
980
309
673
412
178
156
614
338
236
315
790
439
349
699
232
545
855
433
718
698
464
338
963
935
928
131
197
654
420
456
452
925
690
191
616
973
694
188
698
112
405
837
454
417
269
360
712
887
35
758
625
27
826
83
739
294
942
617
430
826
685
158
104
536
975
279
174
225
553
138
931
135
175
922
513
158
279
674
591
910
809
709
850
239
822
578
591
739
286
599
188
297
756
608
414
519
772
226
754
352
381
724
744
784
374
790
608
728
745
760
307
580
962
633
832
871
588
270
371
361
6
884
828
890
874
811
835
970
763
351
945
115
750
184
547
403
273
881
299
127
532
485
609
7
685
736
885
623
274
768
911
578
865
232
808
337
712
90
223
547
477
576
403
692
862
332
971
322
990
336
179
901
570
762
766
752
229
20
791
862
278
221
917
751
434
362
458
863
541
230
324
70
910
802
45
471
63
152
217
595
105
20
387
125
63
410
875
887
477
688
69
925
935
776
753
449
643
821
47
461
971
447
546
562
20
795
652
697
289
768
621
372
288
11
841
715
271
801
85
889
274
323
382
713
176
651
877
284
625
576
72
786
428
779
795
364
295
896
564
606
925
308
964
224
13
984
352
835
775
943
953
532
213
645
792
342
624
51
826
227
156
192
72
436
390
494
800
730
939
438
874
399
94
467
48
708
567
785
895
778
998
776
88
331
517
638
932
881
52
70
552
392
759
32
753
8
790
527
860
890
644
262
12
340
699
6
848
268
279
711
464
836
115
48
118
847
591
952
541
831
571
582
223
144
43
482
955
541
938
924
263
347
723
69
796
510
433
855
415
802
570
852
560
636
999
581
899
231
881
320
310
666
316
164
215
27
854
501
828
29
914
505
88
279
441
633
289
242
619
548
544
924
364
802
135
411
183
151
311
256
314
199
307
86
903
177
848
545
204
937
718
425
826
666
249
398
785
453
757
913
689
622
380
479
698
540
805
436
896
736
835
370
208
226
637
799
48
170
165
413
561
624
490
136
999
3
579
86
289
485
159
720
4
930
62
177
37
377
818
102
386
369
817
240
283
63
338
692
521
117
411
675
485
595
19
479
246
423
20
581
992
889
589
514
94
235
309
224
590
55
878
746
469
819
273
845
971
650
624
400
292
990
290
419
93
782
904
705
425
542
672
658
679
706
57
811
297
202
17
772
965
368
146
925
850
681
760
341
795
278
694
321
400
140
27
188
164
661
450
477
202
274
693
667
780
830
111
79
290
177
79
70
772
83
641
643
480
581
733
743
260
93
629
390
450
139
515
759
556
126
201
674
491
321
62
510
109
937
860
739
662
55
868
60
115
997
518
46
289
12
162
720
996
191
893
25
263
427
327
979
229
877
946
145
24
510
998
71
742
549
481
697
518
956
184
229
642
736
872
490
967
823
864
329
634
511
498
173
374
877
324
832
331
548
326
583
25
716
354
94
739
844
271
569
338
979
234
877
257
553
317
173
674
496
473
10
60
475
814
215
767
56
695
902
312
284
724
369
773
960
676
654
86
184
849
33
97
509
866
521
972
710
793
579
313
198
828
773
548
331
749
828
477
65
591
932
729
275
343
895
715
919
679
66
699
561
770
594
581
991
225
263
327
39
332
487
31
266
906
855
289
555
549
914
995
930
816
387
173
417
923
628
790
818
391
564
423
499
115
428
563
271
874
877
133
200
830
64
827
908
485
11
81
801
237
838
200
305
419
900
707
977
39
191
615
210
426
492
22
181
292
407
96
411
146
245
626
127
823
301
103
870
970
606
695
133
471
519
407
322
241
994
914
182
435
406
264
621
980
639
965
543
366
561
939
264
228
349
830
76
589
815
516
470
583
555
250
848
315
495
752
313
505
864
257
452
813
634
640
530
280
187
421
274
3
740
305
917
348
402
608
836
854
905
897
935
802
389
164
897
955
428
11
288
538
270
737
327
738
777
420
773
444
186
870
87
383
472
987
597
24
387
149
491
402
33
709
219
610
848
379
512
472
842
387
119
470
908
705
201
715
966
104
361
76
874
469
939
743
935
472
736
414
569
252
594
401
405
437
370
341
348
699
64
621
88
46
9
505
665
218
270
25
900
399
369
823
105
955
253
579
981
619
796
410
136
437
898
453
61
268
855
451
983
759
228
739
181
722
560
853
521
813
16
905
509
116
687
216
952
114
692
700
904
618
511
585
871
759
948
271
709
414
694
294
696
386
369
99
688
278
152
186
808
839
982
296
912
829
139
215
890
521
429
984
88
360
2
869
269
849
71
260
558
219
803
965
764
23
788
599
555
483
97
676
510
378
484
704
601
284
984
773
802
506
317
566
330
89
718
50
814
27
686
490
242
293
120
780
219
993
357
32
839
912
168
834
849
571
560
717
574
981
915
727
975
252
179
238
222
256
768
885
249
930
371
194
871
526
38
543
878
612
805
789
642
721
799
632
697
440
255
231
345
356
406
12
189
125
254
31
684
670
899
628
799
264
390
803
259
122
172
829
789
554
731
880
805
907
476
196
125
348
809
959
264
297
540
305
143
957
82
713
514
253
896
854
607
626
162
486
513
159
524
312
834
730
256
633
449
54
91
142
461
531
426
583
897
689
807
583
796
537
268
643
222
687
302
886
105
882
664
54
784
914
719
772
785
599
858
453
40
598
231
436
477
894
339
444
36
856
118
748
437
891
931
137
19
464
753
372
655
800
671
829
23
949
89
629
543
162
556
392
650
796
161
376
401
538
410
145
256
156
210
246
690
533
308
316
832
206
69
40
362
310
331
989
161
69
396
746
282
629
224
413
423
508
842
285
32
599
899
811
194
242
158
854
837
10
719
306
538
229
12
212
276
842
749
339
349
545
292
61
663
448
510
240
771
793
514
436
3
277
1
989
35
935
752
779
621
993
694
476
269
490
381
341
520
41
897
34
696
379
808
317
454
304
488
222
880
224
659
879
274
610
816
939
517
919
201
697
644
294
243
498
723
874
229
473
374
412
463
853
55
454
104
101
794
143
857
126
869
962
678
310
269
439
130
338
725
721
586
362
501
68
287
767
704
695
738
66
87
971
65
260
259
524
180
806
817
82
84
925
120
270
572
750
32
142
828
366
964
91
292
233
804
110
210
671
688
257
620
418
946
34
355
531
664
502
794
813
29
652
771
720
381
745
487
12
835
767
875
161
400
738
365
994
571
508
373
224
296
497
597
67
698
770
268
791
529
770
208
688
190
381
354
380
796
254
998
750
305
21
795
35
133
370
433
490
350
782
173
214
915
234
785
218
958
539
702
187
502
998
74
959
749
693
750
491
584
537
944
251
357
276
831
692
929
94
188
964
946
267
726
502
602
299
886
825
317
457
874
503
180
931
708
29
249
612
561
96
412
337
152
727
427
188
694
294
540
450
318
132
677
8
572
728
794
874
233
273
594
846
64
683
719
205
364
365
85
436
746
65
748
681
156
26
854
626
485
914
494
622
971
978
979
960
613
535
922
814
649
201
516
314
471
154
553
146
611
468
939
217
867
56
225
900
636
415
488
414
609
586
329
52
868
265
273
394
897
972
681
171
662
274
685
918
778
781
181
166
324
250
530
889
951
725
493
887
449
188
642
47
633
394
901
486
472
94
523
260
972
986
485
319
430
136
74
90
386
403
402
461
359
603
913
706
820
397
406
24
673
500
845
432
393
983
500
86
819
772
263
698
505
380
512
19
384
534
333
985
646
650
646
27
145
685
273
721
643
71
900
764
129
388
281
731
917
485
826
990
163
655
211
10
178
165
867
857
152
204
553
941
394
986
784
34
663
163
676
936
510
689
847
502
568
572
530
419
255
754
176
424
811
793
881
834
106
105
102
49
924
335
440
930
938
472
581
569
964
302
15
419
599
989
167
203
923
509
323
387
716
186
466
422
498
376
567
721
487
207
126
499
61
135
505
648
847
389
991
370
381
939
555
35
410
977
121
134
596
916
232
507
367
221
433
407
363
951
678
664
698
841
290
65
862
906
695
729
176
658
650
946
178
865
553
811
754
25
609
596
595
481
740
162
940
643
548
15
688
62
120
263
793
85
962
697
365
451
835
61
594
526
25
425
318
287
790
650
94
742
276
913
659
64
221
777
842
569
36
242
562
215
670
261
236
204
510
408
119
663
20
147
913
831
1000
201
189
979
361
89
345
372
674
560
348
237
206
179
789
789
208
617
928
897
874
341
82
384
906
719
569
870
769
228
566
79
933
364
39
266
115
842
181
30
104
349
20
853
95
731
6
949
506
582
268
346
232
197
913
352
3
434
173
565
532
869
658
870
211
59
500
837
66
225
697
518
374
571
1
976
454
554
306
406
231
513
793
206
90
792
770
444
176
158
760
702
955
765
3
840
727
459
723
728
674
729
19
374
171
37
734
707
224
324
858
572
316
479
470
990
146
522
626
195
728
238
240
50
554
447
289
882
149
851
39
693
660
13
604
755
825
421
985
145
569
722
141
572
81
99
687
291
846
588
140
263
46
549
806
924
886
835
862
489
426
313
159
834
362
365
482
203
420
854
701
993
37
761
193
246
316
12
363
225
867
817
975
931
947
723
987
820
983
188
818
733
988
782
340
879
13
282
592
820
560
470
948
376
141
7
987
533
524
503
5
751
104
897
947
625
852
447
294
314
188
101
717
481
444
774
933
80
141
302
506
362
947
86
169
281
352
104
536
966
520
183
378
406
362
714
727
39
503
344
60
81
809
147
730
506
845
804
734
862
788
646
17
946
595
885
77
939
812
968
830
750
537
853
145
560
681
353
121
541
524
478
553
39
395
293
268
12
593
49
181
613
222
170
684
321
333
780
885
865
765
359
926
720
551
472
720
519
219
585
997
454
807
650
30
381
743
17
143
649
222
964
207
910
533
309
804
752
414
207
379
514
713
125
693
187
287
229
332
877
47
278
316
788
452
787
949
508
174
732
220
138
467
814
438
795
975
636
342
422
153
200
54
22
649
962
705
696
428
985
38
414
233
718
815
170
76
371
513
511
517
604
614
307
26
471
126
585
479
249
312
348
897
869
259
959
800
161
698
554
613
549
327
573
859
552
567
390
944
269
649
736
366
822
967
269
106
45
194
845
64
789
163
510
377
62
705
488
304
485
673
173
997
20
252
32
872
374
67
179
127
708
251
885
426
438
605
931
534
260
960
659
907
712
450
425
11
691
674
479
999
730
518
498
167
610
57
813
97
203
409
573
245
971
961
591
176
447
939
208
352
700
573
626
120
860
212
467
74
5
578
324
53
359
405
908
42
506
412
607
619
482
48
242
420
60
700
732
46
769
536
222
247
375
610
582
583
823
951
238
558
571
608
806
303
946
949
951
209
136
435
966
207
800
500
557
598
453
703
625
896
560
273
593
571
951
562
813
461
936
440
196
274
258
558
383
945
112
863
528
374
287
250
243
275
261
108
787
977
862
503
831
66
45
914
928
773
608
741
466
548
723
1000
500
847
725
96
65
960
766
130
989
843
973
474
30
126
351
549
57
933
976
555
735
529
895
807
577
553
268
79
96
568
264
126
835
581
871
85
221
470
825
613
639
625
389
736
655
186
640
580
535
288
275
698
991
40
374
872
146
885
360
392
784
184
79
78
699
172
906
246
121
900
553
171
148
277
266
802
452
91
785
357
188
795
341
189
774
151
573
627
138
704
135
965
789
228
871
896
495
109
56
151
487
276
906
81
996
871
110
201
80
622
758
759
737
632
956
471
861
967
769
693
870
638
531
789
917
153
596
513
305
673
821
793
517
788
415
952
299
25
742
996
971
402
521
294
922
95
439
25
67
834
869
896
726
109
173
574
292
32
967
941
463
275
888
676
401
948
106
371
233
415
72
237
407
479
980
781
954
686
753
533
507
691
930
795
544
169
707
198
299
783
169
659
535
443
970
677
56
579
502
25
954
346
583
405
951
300
832
743
783
520
574
876
31
800
718
171
642
681
168
227
819
636
251
958
318
123
27
35
746
58
794
579
963
134
848
653
480
732
763
74
620
256
891
16
63
580
28
621
837
87
250
164
97
873
420
704
783
147
112
410
726
591
749
997
434
937
847
451
46
993
874
165
305
187
685
284
143
576
798
34
695
913
206
864
117
794
510
130
867
182
679
710
391
713
679
713
29
783
907
104
873
824
31
44
17
615
794
404
775
266
688
220
605
805
266
710
584
664
631
795
742
778
465
198
402
754
510
367
696
130
940
789
574
595
556
956
101
128
640
485
48
530
269
161
866
822
854
666
624
752
744
420
750
150
742
670
256
72
209
735
444
220
329
922
541
456
873
611
335
406
440
573
623
232
806
486
643
723
623
858
342
270
64
291
150
859
516
709
810
214
16
232
418
559
379
929
991
394
812
138
185
298
290
156
306
209
428
911
915
214
614
378
188
840
437
188
807
981
709
713
959
679
160
546
563
936
120
666
261
984
129
934
526
817
187
189
879
653
742
478
738
174
292
820
227
482
878
414
313
432
575
104
590
90
716
523
683
949
908
530
792
623
478
905
243
8
325
35
347
725
755
474
609
288
812
496
996
960
63
513
405
375
862
498
126
228
213
763
334
953
859
164
76
882
220
858
81
171
785
753
884
823
807
673
160
459
749
749
18
189
467
280
967
141
914
758
230
62
886
634
890
303
82
332
502
387
794
811
379
250
464
207
234
589
629
85
19
642
211
890
420
177
854
158
576
182
402
427
309
664
663
325
232
257
793
696
986
121
390
1
835
537
840
705
341
727
953
526
22
168
303
958
989
908
954
537
884
287
448
300
252
73
1
357
908
970
341
107
852
821
755
270
947
715
537
373
852
650
221
961
762
299
15
35
394
27
30
405
591
505
685
600
961
275
59
627
729
954
35
908
978
469
877
983
160
108
61
114
498
240
854
103
683
903
741
286
431
739
872
291
18
178
296
833
455
52
27
195
34
115
645
442
5
509
450
185
881
152
19
636
882
366
964
697
639
152
155
365
364
140
657
305
28
145
418
684
995
748
323
858
312
26
196
576
441
533
285
578
10
234
502
38
860
492
766
166
117
318
152
936
889
980
650
402
225
225
521
190
1000
6
110
745
930
854
311
946
59
184
160
18
281
8
543
426
92
938
964
984
614
808
857
560
949
846
156
627
956
318
976
8
252
592
305
954
895
418
225
950
515
99
691
349
970
361
346
643
349
760
662
474
57
866
998
175
221
939
961
371
580
494
874
206
809
192
249
633
302
414
461
529
151
656
801
136
878
885
937
179
581
246
772
281
844
775
496
411
732
913
404
431
571
121
934
104
710
198
27
740
775
273
630
507
852
145
574
627
192
114
494
444
198
592
24
645
328
215
796
36
140
747
459
487
333
259
644
901
765
673
920
365
902
142
548
361
415
442
213
691
404
534
81
223
835
778
967
394
944
926
561
880
36
184
724
768
259
11
514
960
85
482
361
599
420
996
274
873
239
351
626
557
116
577
516
959
435
741
761
425
499
803
976
501
49
761
646
909
716
580
41
928
124
892
479
448
710
690
498
24
978
647
990
30
394
786
972
596
227
261
196
183
318
25
136
454
498
977
339
470
333
254
399
546
613
259
110
673
72
293
474
904
817
133
334
62
965
869
320
117
69
214
54
912
153
776
449
401
31
662
477
983
645
618
828
356
987
318
84
437
549
19
182
737
131
19
683
241
597
369
953
34
683
790
947
803
710
394
578
539
413
406
473
762
90
216
555
480
517
467
8
108
309
993
897
523
556
629
765
715
92
745
485
160
546
174
732
39
111
118
234
328
904
562
939
166
184
49
581
302
833
11
282
58
990
942
95
913
970
740
950
835
315
34
154
447
60
145
837
721
152
543
84
986
191
160
659
115
959
662
352
134
662
977
226
250
937
709
319
979
213
670
905
874
914
831
15
919
62
895
769
869
673
685
940
463
356
649
963
353
757
273
695
758
550
378
725
724
868
357
899
150
893
157
861
288
751
344
883
719
87
583
131
444
399
859
668
650
697
867
670
15
275
106
144
84
932
464
689
294
12
742
302
442
629
721
780
714
728
504
733
725
460
315
968
313
718
563
538
190
568
163
607
193
239
448
719
434
680
972
927
219
320
518
713
203
771
196
311
911
54
863
456
556
312
187
575
32
74
587
911
755
93
871
25
397
802
476
777
598
976
63
529
719
870
105
867
869
608
566
226
163
848
109
699
780
753
30
484
767
915
901
353
704
837
646
690
49
607
537
124
189
353
51
125
370
265
672
120
532
875
116
885
487
1
383
495
746
708
942
814
921
488
712
236
757
487
676
432
857
323
438
313
690
643
846
583
164
198
871
177
277
168
712
708
928
980
605
602
950
696
736
190
449
411
8
580
319
472
425
416
394
606
379
823
9
176
956
862
406
975
608
369
472
989
352
782
120
510
365
334
660
535
909
698
904
785
309
704
653
938
150
251
702
397
897
387
331
371
788
479
31
776
244
897
713
970
253
933
973
715
176
292
986
686
375
253
943
231
593
369
489
150
331
253
821
857
281
444
188
679
635
969
264
790
920
968
86
320
966
867
568
625
275
896
138
722
115
719
119
391
148
283
442
817
771
154
934
747
943
144
106
562
379
502
214
193
202
497
49
554
234
632
298
958
607
877
122
767
394
251
337
279
25
400
838
480
196
996
201
990
759
52
674
25
412
110
699
36
910
27
430
598
918
80
862
716
214
162
13
243
602
718
44
797
506
268
955
955
669
279
802
602
921
972
92
919
82
860
54
135
329
138
262
218
439
679
810
49
625
938
661
880
268
343
633
565
554
610
967
721
798
795
674
664
291
802
244
180
862
972
780
778
346
389
275
240
354
556
277
76
361
928
134
45
121
656
380
234
175
200
19
772
325
24
343
443
408
951
20
292
894
984
221
710
414
893
531
931
903
425
632
41
284
257
380
47
480
237
329
536
871
99
5
414
448
380
312
861
632
638
185
204
466
636
534
346
929
363
320
61
778
363
990
987
124
437
287
555
595
657
599
338
68
455
141
383
810
78
481
471
176
692
67
818
408
700
827
197
920
953
487
173
811
484
862
25
622
390
625
41
114
518
565
359
245
725
440
25
156
209
214
497
726
255
424
51
298
38
127
580
795
670
38
250
361
49
335
346
478
309
110
575
534
972
41
825
46
465
544
403
98
708
272
236
875
117
169
820
661
386
174
276
830
186
630
342
303
496
803
90
830
492
252
144
418
912
468
677
912
246
878
3
169
802
364
691
222
52
145
904
510
29
492
145
257
221
708
610
426
952
620
325
47
686
704
460
286
156
256
490
535
98
192
626
619
680
503
977
284
717
591
634
857
663
641
75
328
111
594
213
309
710
68
796
816
712
578
203
191
256
135
762
510
935
1000
425
712
75
781
883
442
334
303
150
314
619
570
334
243
232
979
965
51
336
972
992
15
847
831
540
172
145
698
274
249
698
75
681
748
287
606
650
823
948
309
408
206
217
241
963
452
743
322
480
282
192
261
725
853
155
757
504
784
4
650
394
84
368
103
807
935
642
580
855
540
596
622
64
71
630
777
756
337
814
414
889
448
305
118
564
185
46
946
853
837
541
325
563
256
844
387
360
297
323
869
548
214
696
446
792
389
646
658
502
637
478
569
38
434
248
405
432
199
146
697
510
603
213
777
789
531
508
223
988
618
646
988
360
700
743
481
357
77
63
272
537
180
938
914
235
772
920
149
434
182
691
900
547
928
158
931
227
512
351
779
973
500
269
276
385
827
293
874
729
480
306
379
718
26
813
634
454
801
40
62
391
736
129
268
97
822
230
800
640
760
220
21
500
379
538
39
551
850
896
785
392
740
530
884
825
628
345
51
349
306
409
893
232
432
208
98
597
239
663
445
52
569
636
868
261
130
926
319
508
52
249
14
185
805
141
914
442
981
934
643
9
503
998
394
527
618
409
674
157
507
198
70
369
69
756
166
44
450
257
342
703
772
712
869
491
364
747
151
983
944
28
978
572
796
657
650
29
522
198
240
524
712
964
295
254
429
464
578
620
521
199
365
63
778
187
59
546
144
807
433
815
144
528
221
214
527
318
780
402
492
154
872
447
7
624
674
172
742
98
443
370
9
132
650
371
291
22
883
680
76
606
692
746
171
837
109
600
119
407
350
851
537
226
199
708
755
138
668
481
608
357
745
579
87
995
814
245
876
12
883
129
933
619
272
382
405
848
550
538
349
641
673
913
902
697
663
300
424
595
619
930
276
406
702
399
124
928
198
811
573
345
65
553
161
134
937
52
873
386
175
545
153
79
142
519
221
586
42
950
414
427
599
548
592
796
251
797
534
336
456
223
333
397
211
324
429
475
860
300
610
62
124
522
888
501
566
601
851
672
812
789
291
147
735
881
948
802
290
301
757
560
112
841
781
429
476
369
520
992
362
515
647
928
267
886
631
230
966
133
297
580
648
787
30
482
7
83
822
375
581
263
864
120
980
910
249
802
471
763
712
111
519
562
300
44
179
253
68
791
416
718
755
889
473
722
255
841
689
733
872
824
206
891
568
542
280
268
408
343
363
993
396
635
220
997
625
199
523
705
111
641
556
670
764
861
319
750
337
817
840
515
250
446
158
577
472
607
930
527
573
558
13
898
943
227
955
802
376
556
749
138
931
356
944
717
902
467
345
452
81
390
555
537
998
264
288
175
311
269
668
844
519
121
155
665
622
237
84
629
109
446
342
198
215
76
462
451
763
863
588
947
725
486
977
839
397
84
872
818
204
392
997
16
637
512
613
155
727
384
662
812
864
197
819
281
725
923
809
63
902
196
797
714
353
369
766
576
687
518
576
374
145
839
438
34
82
415
984
321
816
535
106
6
729
56
443
247
139
512
636
714
164
633
868
583
544
640
845
314
3
817
857
269
180
413
347
558
469
447
299
265
888
708
140
52
451
336
372
973
201
173
953
214
47
959
834
24
611
681
773
5
764
247
48
93
60
905
458
504
543
475
956
488
42
717
881
842
275
94
903
651
993
971
829
309
668
851
190
66
222
346
706
508
277
477
753
10
884
299
744
328
566
627
573
228
992
584
861
956
716
833
84
77
750
796
211
132
220
545
774
80
692
222
593
853
233
642
37
331
610
49
148
132
115
980
27
48
996
115
55
528
242
990
942
479
647
809
379
458
68
362
974
441
74
668
424
807
580
512
614
727
674
947
578
760
330
324
270
620
838
960
882
560
738
261
787
919
812
980
16
646
584
174
133
680
35
920
689
441
779
377
487
130
104
823
508
20
999
33
17
106
195
47
552
299
251
802
699
582
9
577
302
430
632
240
717
133
345
359
895
330
421
29
911
981
987
889
944
250
153
511
450
93
892
737
748
784
385
60
892
432
665
705
595
39
615
395
365
553
610
720
451
416
138
193
753
458
389
871
550
657
642
722
218
892
900
384
305
602
145
980
119
652
252
230
436
299
289
284
261
630
227
477
740
418
4
606
796
827
156
162
848
947
333
913
838
495
517
158
442
506
294
320
652
492
464
426
106
57
866
386
118
908
601
650
667
42
782
770
857
123
612
20
658
278
351
292
785
240
683
298
973
755
812
755
452
817
818
785
858
682
643
388
797
219
31
947
812
895
283
909
728
862
950
948
711
928
373
387
100
925
843
685
607
486
603
220
764
970
917
158
237
194
966
542
335
916
405
223
478
297
943
321
551
958
147
105
532
340
510
199
496
897
697
522
174
100
144
300
275
604
465
831
439
281
207
283
754
565
555
503
870
415
872
822
181
21
348
390
391
27
124
179
971
586
172
213
715
83
212
288
579
718
495
434
755
555
895
459
250
523
133
1000
455
12
967
369
426
508
213
213
492
920
83
204
860
878
384
159
277
127
959
508
178
210
685
309
133
445
947
72
17
859
292
45
686
862
618
747
440
555
882
604
449
125
655
543
965
278
215
73
320
66
991
933
605
743
53
414
485
807
47
781
313
57
250
587
502
557
972
816
272
392
116
125
464
45
156
139
29
854
821
681
754
331
291
432
695
324
391
880
980
506
119
160
926
974
194
789
721
847
412
595
621
848
815
284
861
960
886
956
745
347
419
947
432
658
490
512
927
7
989
206
170
973
458
381
868
582
745
166
612
220
326
249
41
501
271
180
846
483
326
969
67
257
130
285
293
4
746
145
962
145
605
870
426
625
163
909
99
420
845
459
718
72
553
864
672
501
132
245
872
701
444
152
232
1
214
841
686
42
677
209
136
939
764
320
896
536
946
315
621
727
687
673
918
155
411
310
672
547
280
740
333
963
980
379
603
530
703
666
121
219
636
765
132
697
891
155
161
586
476
136
136
507
125
990
137
870
7
965
822
692
576
563
996
356
812
381
8
837
65
322
630
983
964
841
778
307
81
704
947
28
571
459
869
356
234
77
72
180
655
245
853
94
288
142
942
502
708
288
895
253
37
49
449
22
676
260
786
859
313
633
67
612
890
626
241
481
202
527
51
612
525
819
200
979
444
820
661
346
184
662
956
117
608
503
533
534
875
684
855
887
138
825
233
243
830
910
616
788
976
593
494
575
350
78
227
944
711
915
135
72
286
917
169
610
456
730
694
332
331
722
651
674
317
787
444
906
992
724
342
233
78
68
161
736
421
486
318
613
167
547
39
448
767
642
659
762
746
236
91
174
19
553
634
923
462
116
953
77
41
513
962
510
783
138
287
191
234
21
672
703
174
817
611
833
841
669
732
67
712
10
559
838
428
142
959
718
519
260
508
242
25
560
427
166
20
292
406
293
745
724
649
498
580
129
41
274
402
416
665
758
597
680
378
590
990
206
436
902
253
811
672
558
140
253
257
488
989
970
194
830
951
716
8
412
104
258
50
586
618
401
846
54
233
837
877
89
915
924
891
328
291
721
578
227
886
458
266
931
100
755
324
333
595
401
537
677
483
471
711
142
209
145
716
667
416
999
224
714
809
286
933
189
10
626
210
316
129
193
68
60
711
106
806
920
768
200
491
651
201
416
997
582
534
429
320
363
945
971
838
562
402
822
347
278
682
558
923
358
846
641
496
534
823
259
437
589
11
141
386
247
183
186
840
893
208
617
606
53
980
103
778
614
830
254
902
45
432
862
704
210
891
723
8
729
523
31
554
977
352
282
416
286
765
747
464
691
53
965
983
934
226
762
836
982
387
547
168
942
60
378
493
256
28
916
701
615
416
434
362
834
742
78
398
654
827
58
935
151
433
419
573
576
197
758
500
364
471
793
756
736
234
667
667
118
241
12
328
123
430
849
405
231
521
335
387
390
72
678
855
579
316
296
177
628
778
700
482
96
784
31
892
298
658
929
397
930
868
607
893
183
288
324
702
438
890
520
763
14
677
754
908
747
685
957
332
783
951
890
882
373
789
461
265
802
696
631
121
63
890
24
976
19
345
640
197
88
429
391
250
790
255
811
191
151
908
406
925
962
769
106
962
437
798
21
717
565
314
759
474
280
767
299
489
415
838
805
697
913
899
539
296
816
816
73
52
259
131
955
912
925
276
831
151
801
32
633
178
691
95
767
916
346
70
485
113
1000
732
986
55
182
815
406
379
931
332
656
198
149
575
928
981
70
502
128
529
241
208
81
425
584
262
672
25
664
702
184
829
286
466
852
127
614
326
221
507
241
864
289
574
575
618
920
618
601
97
167
329
558
36
785
787
332
517
357
74
558
361
106
869
56
839
832
507
965
14
153
629
705
507
993
495
233
900
27
276
974
61
115
862
84
582
674
396
388
13
44
106
118
48
321
298
516
849
568
674
707
501
345
1000
412
763
8
141
635
733
78
497
539
774
691
331
101
861
162
106
732
981
552
248
350
623
114
489
152
683
766
626
63
704
829
736
478
854
634
408
953
9
44
200
812
534
235
172
913
225
705
491
986
827
774
647
293
254
93
303
4
554
514
10
326
287
10
101
371
252
367
714
228
36
331
323
23
666
301
191
163
588
856
383
908
306
70
851
712
614
100
233
319
802
684
648
42
291
169
12
970
709
739
950
795
519
349
958
589
485
16
761
688
682
404
200
401
153
368
206
659
621
761
597
937
452
720
791
650
380
439
604
157
608
813
602
572
774
424
819
213
671
665
484
278
531
226
301
117
678
259
205
459
960
426
14
645
95
878
511
259
865
424
346
404
950
108
348
906
338
98
446
836
259
452
534
327
88
431
717
447
987
657
610
164
248
439
503
804
175
926
589
793
759
11
201
778
876
203
768
404
964
824
834
703
43
81
756
718
299
544
763
361
833
430
211
189
19
270
981
777
113
726
735
772
380
81
595
691
636
860
870
869
270
561
695
39
116
346
31
574
800
521
656
830
368
402
195
250
75
254
424
933
195
987
264
475
743
392
516
997
357
17
877
86
406
125
893
587
566
535
230
380
697
814
725
912
580
783
979
297
437
905
473
477
568
363
427
719
459
644
692
994
822
951
312
859
841
652
906
29
173
744
565
99
375
329
741
590
120
598
188
782
661
820
678
818
377
15
106
382
285
601
140
758
112
466
897
437
812
812
234
690
410
180
910
64
909
47
85
756
965
506
392
193
649
219
998
706
=======
590
189
883
481
343
875
553
759
577
116
253
970
706
814
778
762
654
920
700
458
914
935
742
917
740
319
731
607
19
132
655
40
731
376
919
461
823
908
33
327
479
476
178
201
408
438
732
348
510
767
923
913
941
745
53
419
941
617
860
508
287
560
503
753
421
576
770
7
461
783
780
159
889
548
867
817
357
381
183
735
565
693
47
458
853
57
75
230
116
233
960
247
996
6
32
466
974
115
31
43
69
289
138
81
668
665
618
733
820
900
248
766
588
870
554
931
628
37
839
323
235
481
429
942
441
533
273
175
657
309
187
478
263
153
812
262
440
106
707
223
227
879
319
200
439
881
267
559
998
653
623
337
486
934
614
60
104
517
245
450
125
76
518
652
98
805
919
326
212
28
197
174
179
462
962
252
479
884
74
859
143
451
576
882
389
177
734
250
577
567
55
756
491
986
962
957
388
921
624
989
225
154
198
884
813
74
943
452
123
908
894
528
136
28
5
37
998
526
193
374
876
505
83
3
212
600
107
21
577
154
966
259
702
962
333
878
328
365
650
772
458
105
246
362
32
55
150
680
77
215
153
474
299
53
113
736
336
382
628
730
226
741
825
756
433
581
204
907
459
367
134
191
273
2
317
386
186
492
978
161
6
726
372
301
599
980
218
786
536
410
695
382
670
659
539
120
243
739
829
117
475
331
427
107
526
606
61
301
957
158
501
311
534
248
913
266
701
191
814
487
13
921
872
737
356
999
341
655
767
594
560
139
220
746
801
164
448
808
849
977
658
85
473
923
506
596
372
711
101
756
824
199
541
192
230
916
313
790
302
184
96
765
828
141
810
964
486
874
665
603
544
879
445
870
49
948
82
490
418
968
44
698
660
673
609
239
787
936
286
973
427
495
140
285
939
129
786
76
917
869
888
249
86
747
784
465
552
696
519
852
743
696
688
515
558
702
756
312
50
921
243
330
694
466
86
151
577
589
440
844
695
903
322
931
823
312
751
585
254
315
486
928
908
831
234
826
394
608
329
969
677
638
910
496
869
977
616
745
739
587
542
230
199
20
556
608
19
168
434
563
811
567
352
923
641
260
796
482
831
16
288
808
926
25
731
213
200
20
890
177
717
113
351
456
277
470
79
220
452
567
787
996
886
607
323
206
326
58
297
350
983
452
450
487
951
743
399
103
472
296
604
977
686
265
116
719
871
316
839
269
231
95
842
724
663
279
510
952
900
568
769
938
579
87
766
330
243
10
292
509
169
720
311
237
194
255
327
406
370
13
779
504
752
658
984
7
526
925
511
858
341
744
169
22
430
746
121
673
566
25
711
865
51
600
289
976
909
994
653
606
114
382
864
181
723
738
735
964
169
973
479
756
481
399
172
231
111
492
433
179
126
649
243
695
611
548
361
173
799
5
709
273
575
925
913
248
482
165
265
963
970
287
178
474
436
275
435
483
862
70
229
495
650
736
452
870
953
686
472
603
300
438
842
604
626
632
337
838
718
776
185
288
478
119
876
986
745
395
767
805
634
580
852
786
862
666
876
659
622
192
189
369
525
738
969
504
493
154
14
333
783
499
151
323
138
790
72
383
883
519
83
109
37
18
963
485
945
746
916
102
54
126
990
876
190
355
601
555
584
877
959
797
398
928
589
885
896
710
562
757
414
790
430
800
584
149
198
888
69
389
978
814
942
325
370
540
813
368
944
242
503
184
119
239
185
690
586
770
552
431
501
353
646
955
178
549
525
201
421
224
783
523
303
748
425
392
597
49
727
972
697
706
939
121
497
220
397
660
886
572
401
98
908
286
271
969
74
177
438
767
395
206
499
500
763
493
118
179
698
650
387
168
822
364
479
810
445
375
422
850
529
636
648
766
706
178
561
732
633
684
819
228
995
421
973
296
314
198
615
991
868
108
870
40
464
932
610
1000
770
653
546
202
220
232
261
882
825
599
108
945
803
753
777
345
361
509
284
150
955
130
587
108
994
415
333
445
155
592
62
945
161
286
645
186
996
904
449
384
663
642
728
453
934
498
856
508
379
822
261
302
106
241
482
122
127
589
414
649
88
717
936
788
717
913
423
358
27
283
609
916
311
806
567
110
953
644
120
369
161
880
545
688
956
864
606
820
240
135
35
73
364
46
889
55
386
253
391
151
154
260
109
963
371
226
385
242
31
151
400
162
870
876
57
64
407
47
501
925
127
475
725
244
595
843
44
908
592
748
104
616
147
488
460
776
421
286
923
292
611
755
664
794
763
607
275
454
995
492
761
735
249
651
579
556
887
16
165
775
81
409
757
220
36
977
204
349
55
792
714
898
570
167
880
686
303
94
665
388
797
635
395
290
210
62
924
79
233
18
296
763
812
631
756
395
381
264
795
328
847
609
877
801
590
613
806
290
798
376
222
133
229
332
836
269
68
497
535
620
559
454
350
164
614
218
131
862
662
446
302
666
554
957
627
648
283
488
557
776
39
163
611
45
314
375
990
471
113
612
602
217
229
642
146
69
571
979
759
458
856
462
707
964
371
107
715
189
429
870
414
364
877
714
922
690
525
163
189
353
1
883
357
95
359
636
875
980
964
453
791
441
123
445
967
808
340
58
283
810
365
279
525
324
553
105
481
804
682
372
17
631
828
355
171
135
654
996
443
630
622
635
224
975
800
945
224
625
463
438
678
252
218
303
686
652
463
946
662
176
675
834
272
701
798
152
684
467
147
318
925
960
616
293
154
477
224
849
993
858
789
372
47
903
299
180
359
286
418
391
407
494
15
227
862
327
529
300
639
249
469
154
699
787
254
779
650
533
643
798
133
904
786
104
87
433
356
607
367
190
208
859
820
493
938
736
163
834
560
164
876
50
93
316
133
863
499
336
372
450
249
110
331
339
911
760
870
860
590
632
345
9
786
260
408
387
519
536
793
762
978
194
297
183
814
480
805
628
230
165
336
404
182
502
121
848
262
396
203
96
41
931
796
614
991
416
395
4
583
516
355
241
448
573
903
692
961
48
138
775
75
761
649
84
967
325
98
288
902
302
893
826
318
809
331
152
648
18
480
398
25
884
111
845
83
700
774
602
811
907
579
940
53
481
950
597
205
899
34
954
21
653
825
727
615
987
512
147
196
756
19
763
550
816
647
969
150
274
687
334
337
79
202
194
898
87
274
572
791
475
828
315
717
812
131
603
156
593
93
665
810
711
836
533
563
71
186
178
56
22
824
891
411
926
568
301
458
746
61
336
615
959
724
350
921
830
500
867
168
526
551
98
174
13
736
890
479
419
665
690
334
628
246
143
61
680
347
829
185
228
895
261
28
757
795
942
186
142
76
203
118
397
690
322
613
668
369
675
312
180
974
541
34
709
342
108
780
696
650
58
738
392
349
694
627
230
30
467
217
126
160
218
96
250
117
358
583
252
838
500
523
435
219
230
821
357
160
488
671
964
399
841
198
993
887
278
855
550
669
415
861
717
93
366
407
135
827
611
917
378
734
206
204
938
449
563
335
497
832
944
890
226
508
597
986
505
806
884
897
544
825
886
577
772
657
591
401
601
240
376
80
604
879
245
187
715
688
212
644
840
382
624
16
303
822
501
912
393
717
62
183
513
395
454
316
95
909
918
340
562
496
459
354
108
785
38
837
864
841
768
986
812
368
131
506
773
794
119
422
151
58
401
953
453
317
714
479
202
366
621
131
682
515
485
62
159
863
937
938
407
432
812
762
791
226
510
557
819
159
825
71
696
843
98
111
78
967
820
549
383
673
16
141
118
201
789
285
573
950
56
295
314
432
301
64
750
681
527
5
672
289
611
545
226
960
638
270
131
444
923
28
559
105
815
691
19
992
638
106
758
97
469
767
999
161
714
355
83
425
615
625
566
602
435
793
642
435
893
388
419
246
39
388
566
525
346
264
998
620
395
634
658
434
437
825
921
514
143
74
906
821
673
953
242
780
675
25
97
522
524
963
939
919
318
876
287
195
367
611
328
420
181
176
283
7
152
303
306
742
540
554
803
314
892
415
83
125
830
254
460
524
90
425
104
346
642
681
119
123
408
794
434
725
622
944
406
927
895
818
222
522
505
166
318
402
312
467
562
109
652
862
907
436
44
966
628
278
66
651
570
866
556
848
777
286
8
926
586
502
485
708
762
593
899
707
733
457
532
242
459
599
443
947
943
301
956
387
71
526
929
80
852
82
709
883
719
296
413
525
723
462
178
466
51
787
442
633
403
324
922
880
156
173
645
749
968
665
830
262
222
873
663
467
107
795
679
246
27
715
772
898
478
996
998
836
817
137
870
56
944
750
129
323
587
712
703
515
601
905
368
893
59
656
255
278
391
745
157
589
218
574
563
672
86
220
754
147
281
395
347
816
176
224
7
99
436
904
836
13
316
583
79
547
460
955
970
54
778
639
617
113
243
870
634
197
962
683
528
241
667
63
420
455
339
533
865
440
697
444
188
499
907
867
131
257
760
377
44
649
242
117
642
626
860
973
48
306
400
405
239
867
222
347
508
1
365
85
444
393
265
20
29
123
942
558
411
219
161
36
325
327
560
753
837
404
830
668
978
370
607
158
983
564
929
543
6
585
260
238
187
572
622
591
740
118
814
116
102
584
116
235
595
792
449
319
170
712
999
898
290
588
86
253
404
521
339
37
195
34
106
241
192
635
971
1
962
729
178
676
930
117
288
954
352
9
323
231
28
491
198
628
390
570
571
665
738
995
662
223
283
770
965
621
30
584
450
280
372
905
830
132
782
193
450
879
148
1000
120
949
212
884
920
39
21
728
524
681
799
909
237
807
352
855
173
776
837
245
14
978
229
831
531
192
651
668
870
512
947
371
33
653
430
694
62
394
876
177
539
934
592
972
85
467
645
130
834
485
478
852
477
347
551
417
620
840
113
402
144
801
766
172
146
418
994
433
787
770
614
927
506
697
461
284
92
278
230
265
350
200
236
42
415
750
381
258
602
895
779
51
110
368
889
794
349
709
202
979
127
831
359
745
728
337
120
544
189
302
853
774
556
832
595
822
856
629
639
952
318
40
855
811
438
838
982
448
384
830
861
243
38
323
838
630
100
62
356
829
153
971
701
687
820
52
262
70
709
420
187
932
221
397
31
93
476
70
810
260
344
769
887
592
367
214
450
83
232
892
524
410
808
914
884
599
462
943
637
537
116
71
828
960
980
979
582
958
80
952
32
415
331
227
465
544
981
474
898
46
551
816
760
802
989
246
357
446
342
262
830
600
929
409
486
487
205
554
428
61
729
302
787
162
404
676
361
454
686
765
109
981
617
773
694
863
308
731
715
696
226
729
486
41
825
663
655
939
857
68
794
281
97
53
307
384
550
516
257
306
675
336
510
580
436
201
936
570
964
668
60
294
497
911
714
692
504
245
985
987
938
430
234
605
238
421
901
797
156
90
310
226
685
512
774
269
469
26
661
893
339
310
261
62
351
56
863
63
428
251
699
642
483
587
485
663
426
718
554
747
864
613
981
692
430
808
875
747
750
915
758
275
970
62
811
194
489
729
364
287
386
438
213
37
454
2
5
666
912
740
83
281
172
902
421
70
100
822
500
468
320
583
632
59
117
501
368
169
308
147
78
203
603
407
482
463
423
464
608
342
654
626
931
174
62
280
344
703
176
773
493
904
1
442
431
562
70
57
523
308
714
22
180
982
969
769
133
44
890
472
625
144
940
415
373
234
410
415
195
531
159
434
524
746
935
46
914
682
140
376
513
74
261
544
227
252
481
981
722
7
6
807
411
558
424
141
591
93
398
979
786
828
300
840
576
718
239
817
51
968
150
804
736
847
580
172
413
969
62
466
291
206
828
186
42
347
918
120
697
726
12
100
898
130
241
866
697
235
640
105
784
559
356
614
621
68
790
696
87
550
962
160
286
40
249
467
417
641
701
82
909
292
993
902
889
615
630
18
736
143
130
219
451
48
623
569
39
114
17
98
516
378
231
277
206
215
543
940
420
400
883
36
65
262
934
69
206
547
515
399
424
590
231
520
318
423
528
875
524
71
5
808
657
192
811
568
581
73
640
912
377
789
454
407
842
15
607
686
166
622
408
451
497
557
618
542
339
352
442
669
819
999
374
451
529
160
683
961
689
794
669
797
659
472
939
891
827
833
794
879
377
594
149
696
303
422
426
585
234
638
890
849
749
727
9
911
706
239
62
405
84
718
351
946
946
507
254
381
441
556
17
69
39
666
256
525
844
768
202
606
292
443
22
835
851
751
976
645
892
940
624
720
328
973
362
5
276
313
556
653
468
371
983
467
660
773
380
175
861
97
36
693
556
773
854
683
696
90
252
631
772
367
352
260
488
497
973
556
944
797
662
944
931
252
956
665
728
351
337
865
787
641
376
283
337
978
108
878
952
454
554
48
490
387
726
877
48
578
953
302
352
491
753
896
981
68
660
464
267
363
39
567
259
344
766
453
184
723
902
994
814
924
119
679
250
503
964
494
879
327
920
418
230
487
358
406
131
868
116
39
376
244
518
11
57
48
611
393
662
692
647
947
171
977
834
757
363
873
515
88
761
417
337
834
938
90
776
324
308
701
360
8
683
950
18
199
601
561
228
572
33
843
943
828
254
197
508
467
488
650
262
501
409
55
170
228
949
248
429
400
704
261
803
235
710
622
349
271
988
109
61
407
646
674
765
5
637
781
142
277
493
53
21
674
897
718
908
924
622
777
730
86
251
424
973
311
82
626
985
312
439
435
883
468
346
590
175
858
495
317
437
241
791
832
170
107
526
742
914
273
305
696
753
425
912
354
889
402
768
871
687
961
975
534
850
488
509
922
192
144
555
954
673
300
999
184
422
75
801
721
747
816
674
662
969
350
769
256
310
954
485
15
185
91
976
469
990
610
580
332
936
888
211
26
769
739
902
354
822
615
254
455
316
110
145
250
517
214
738
145
906
622
164
919
210
818
493
365
548
913
897
268
574
241
99
260
366
55
260
738
990
226
728
245
364
936
573
213
828
92
50
125
154
578
409
299
242
479
363
287
206
55
738
783
918
746
997
773
250
311
227
179
363
333
998
345
471
30
386
308
728
373
381
359
509
396
52
798
700
394
898
424
346
458
892
126
507
508
733
30
143
241
142
3
392
944
681
655
276
584
142
414
96
945
321
164
364
462
198
292
220
161
878
760
141
69
518
986
694
64
645
168
310
939
729
415
300
947
689
991
252
355
989
992
716
145
146
744
243
20
860
738
57
721
590
154
247
1000
12
732
818
467
623
912
534
605
848
217
433
442
121
41
539
443
937
235
30
370
323
310
589
867
408
451
459
435
933
548
321
70
94
286
304
746
441
19
508
807
102
363
690
60
888
952
998
791
311
84
338
335
108
66
84
737
324
334
448
199
779
263
658
38
185
831
909
18
674
720
729
667
942
437
732
565
957
917
29
463
869
710
392
513
433
926
516
444
531
192
129
870
604
573
686
524
71
907
890
443
749
945
990
977
139
735
329
553
190
31
178
253
656
787
444
399
175
753
557
290
153
157
48
499
384
794
348
928
285
465
417
438
104
466
696
503
244
753
123
294
593
529
195
563
846
845
812
641
400
515
969
935
476
201
335
932
595
755
591
270
746
801
260
100
596
145
951
842
369
44
14
451
527
250
334
448
329
333
431
353
192
237
779
658
395
547
939
172
985
33
490
117
917
435
349
420
139
263
134
223
341
368
605
567
207
308
244
512
55
673
347
61
91
867
359
201
508
705
701
830
670
372
225
191
544
871
945
741
690
164
230
119
436
910
872
830
979
883
108
204
849
416
182
889
852
651
972
477
654
643
489
632
713
459
425
652
845
126
713
883
310
649
344
825
814
86
861
464
718
693
596
568
787
295
172
57
967
350
31
647
608
902
258
385
964
934
192
975
151
290
395
573
558
534
460
770
470
459
26
340
829
196
477
509
653
151
782
81
728
162
164
467
11
409
329
754
431
368
753
481
162
563
917
613
21
194
877
139
625
604
635
239
584
983
856
64
757
188
302
499
49
54
952
306
38
780
270
50
916
681
12
887
208
527
796
404
581
203
843
455
60
189
859
558
863
907
728
365
189
368
58
869
980
342
902
600
627
955
55
599
335
555
44
437
459
86
209
11
572
304
892
922
505
270
540
156
740
547
728
132
424
215
698
650
655
185
681
750
777
438
158
897
786
802
333
159
73
122
383
326
197
248
191
657
56
923
794
863
552
754
985
122
722
500
160
801
574
773
645
768
755
625
69
360
272
400
986
110
766
352
106
527
975
656
707
377
950
874
633
391
848
182
71
54
96
165
98
162
45
422
176
420
873
56
881
204
652
143
486
429
391
636
157
717
729
926
639
876
380
821
762
705
994
821
412
583
951
266
850
362
368
886
902
546
186
259
121
650
700
774
158
850
160
284
741
415
916
536
247
985
980
970
815
705
90
123
976
783
333
411
9
717
511
931
231
477
107
675
483
467
145
904
31
947
449
863
124
555
861
495
1
197
944
347
292
667
819
346
810
815
485
425
397
86
440
39
267
122
291
270
617
781
979
183
85
974
431
45
697
109
167
481
575
79
976
475
379
679
244
48
819
867
451
880
256
538
399
980
747
512
266
194
890
253
175
778
912
15
465
582
178
312
150
828
112
441
406
143
520
17
43
966
647
804
28
643
980
320
412
825
805
877
315
974
684
951
204
319
694
79
588
1000
510
106
333
798
9
511
801
651
59
243
684
864
517
57
121
316
538
777
230
609
172
729
544
381
403
922
658
576
218
319
178
158
711
74
726
738
398
571
382
718
768
696
693
218
316
512
617
760
566
799
324
864
288
841
93
36
102
66
332
538
826
241
191
368
893
671
927
437
5
855
266
52
139
16
353
416
144
935
892
117
249
618
849
177
771
441
36
180
643
129
469
2
625
33
333
228
963
645
266
288
706
550
741
599
1
758
344
192
873
779
420
714
211
150
321
667
21
366
284
141
265
84
346
578
193
545
232
174
752
176
373
707
719
720
297
437
448
865
916
169
985
387
183
644
367
537
972
352
366
995
638
766
173
471
755
720
442
149
523
121
804
589
33
590
631
530
896
661
360
621
803
221
990
862
684
505
568
21
856
300
183
472
659
399
889
559
539
475
105
482
726
498
481
599
385
637
501
989
386
29
216
905
915
113
130
475
452
691
123
207
895
666
747
872
201
449
672
923
616
986
365
223
750
739
930
852
134
696
726
17
48
332
962
794
880
53
268
706
501
259
979
291
447
937
369
579
887
476
369
812
771
751
89
396
999
906
5
332
273
161
894
648
722
760
269
438
517
34
231
102
775
257
825
408
435
605
834
244
874
402
518
667
41
736
478
670
513
450
178
779
756
737
22
654
631
709
362
573
534
38
488
654
953
818
748
296
281
962
102
933
939
398
909
162
938
301
663
666
381
708
562
323
954
557
409
830
345
479
706
436
709
90
620
35
891
521
926
534
181
411
632
422
530
361
708
312
57
385
198
484
919
671
758
554
59
62
729
702
354
205
160
340
827
532
436
448
804
529
771
369
219
193
619
200
469
263
150
24
830
75
642
289
568
907
480
492
717
238
258
580
55
149
877
469
67
870
545
948
732
748
367
365
228
818
270
293
240
634
467
872
133
556
208
184
198
809
559
131
717
611
214
113
202
75
26
558
644
318
232
60
52
945
206
290
60
568
808
196
632
868
125
109
689
852
502
721
8
372
426
706
931
762
194
22
558
19
694
723
211
443
381
187
507
80
785
672
140
542
198
927
26
48
834
293
511
724
811
364
257
626
716
656
390
949
342
408
433
784
120
45
125
149
873
777
337
834
568
140
642
9
649
949
602
936
449
260
536
135
411
163
115
130
503
802
422
527
664
544
814
285
463
880
47
141
640
364
190
825
46
163
938
153
407
10
529
518
519
590
401
690
946
626
935
817
916
215
428
409
152
792
329
715
91
44
915
118
679
800
540
8
535
768
185
564
913
772
30
304
964
185
861
268
390
385
380
800
887
171
510
817
726
522
728
236
593
44
57
857
64
400
100
601
883
928
336
982
65
242
339
525
11
985
779
884
412
795
846
892
822
127
46
514
796
633
260
630
630
636
470
831
596
541
946
281
860
979
127
627
2
346
958
441
418
929
834
128
10
235
105
834
181
849
92
715
159
611
741
746
259
502
960
917
932
809
642
538
305
120
313
163
635
379
155
496
499
101
382
555
147
395
758
384
181
630
121
226
184
140
685
129
498
273
259
226
444
451
786
910
419
738
122
624
692
985
442
602
269
578
285
215
699
121
988
595
622
236
837
138
870
351
841
180
524
9
656
291
134
337
83
386
482
662
165
443
125
883
446
463
603
433
107
413
221
664
385
251
871
465
991
161
844
766
99
745
949
123
262
347
450
182
984
625
918
622
299
474
451
363
502
485
989
511
923
155
840
450
471
651
246
326
935
823
122
808
552
34
405
461
530
922
151
443
699
748
289
996
602
240
647
4
19
445
45
958
266
327
202
19
767
79
453
479
605
628
371
82
197
656
18
129
770
179
552
73
977
924
92
675
511
316
601
24
416
156
606
842
927
934
681
638
189
45
561
100
830
768
520
772
802
302
958
843
400
912
169
456
366
877
290
961
62
665
786
459
35
770
459
385
504
613
567
91
92
85
892
930
942
339
475
104
144
817
483
38
125
482
485
597
897
280
538
496
170
523
469
512
150
453
787
34
361
639
414
416
39
552
397
288
255
838
934
876
217
64
743
395
474
959
56
754
474
75
708
296
511
209
7
321
568
112
981
736
936
966
749
352
609
334
766
495
289
623
9
358
489
910
331
619
982
391
496
107
666
32
667
370
76
388
249
580
69
385
873
807
886
882
279
378
667
790
836
668
361
139
490
896
631
869
94
489
414
419
555
594
834
188
624
973
781
649
224
844
621
777
335
491
905
720
353
716
782
24
196
372
991
832
78
930
12
193
44
854
681
687
633
620
350
853
247
230
153
811
595
489
360
404
698
600
411
173
63
877
357
338
998
194
512
166
411
367
224
267
805
40
642
982
457
880
654
67
411
83
889
999
45
550
91
695
745
434
365
38
102
528
588
243
504
752
726
90
195
580
624
219
238
485
539
273
599
68
185
637
397
576
747
277
181
480
457
225
525
331
426
702
766
987
811
86
912
943
638
926
951
836
256
912
253
999
311
369
449
599
42
218
855
891
79
831
168
697
513
272
633
493
226
874
445
963
905
258
47
168
223
786
494
63
641
712
506
954
730
459
621
86
648
846
355
801
150
21
721
488
464
650
357
277
782
464
824
389
501
313
961
385
967
234
765
226
646
62
29
726
599
814
557
116
616
665
418
720
347
68
42
370
162
742
45
428
932
76
26
704
883
831
776
370
947
68
473
283
645
187
530
993
306
275
483
865
700
910
50
942
413
990
392
593
386
347
158
779
535
967
510
557
752
546
640
866
698
775
915
999
580
168
711
204
266
697
980
427
707
781
455
512
471
481
40
895
903
707
53
417
871
402
713
988
693
711
49
689
905
381
87
860
851
907
331
628
705
433
861
931
653
971
191
801
313
689
842
505
165
924
59
22
147
592
268
87
266
275
269
873
598
607
622
938
255
584
937
439
221
541
822
380
675
830
537
358
752
218
389
227
800
604
19
489
971
758
645
480
428
639
173
573
823
715
104
575
511
600
536
423
896
357
256
491
709
421
896
817
731
411
395
87
669
624
160
758
990
473
718
388
989
773
33
48
785
96
74
171
498
336
992
931
792
831
980
286
84
932
652
275
220
10
780
132
638
898
653
310
778
536
425
348
118
674
466
362
893
80
329
893
971
658
251
361
70
586
95
852
452
893
227
90
984
922
664
474
229
450
667
399
477
362
177
449
683
572
129
509
455
93
215
30
377
782
744
520
419
550
307
383
126
577
611
276
129
552
79
968
723
816
275
358
181
249
567
230
58
208
81
213
448
188
275
867
552
52
989
355
423
350
931
745
147
39
898
413
524
870
552
192
46
904
868
216
438
408
194
340
222
827
399
793
824
641
821
956
907
225
342
191
988
806
502
964
442
369
272
767
656
652
417
715
255
567
237
981
385
106
751
240
607
142
772
603
336
570
400
679
481
34
401
659
980
192
956
46
536
111
520
875
158
895
254
336
249
385
967
777
246
427
306
77
834
455
698
252
428
329
773
352
30
633
440
5
202
266
178
628
978
518
964
752
51
474
728
153
904
50
725
675
56
907
970
904
740
429
577
353
523
46
251
360
990
753
798
851
172
605
608
292
946
935
340
92
358
454
11
643
591
467
275
301
55
111
43
629
661
753
534
706
483
855
645
901
972
475
154
891
503
360
476
48
546
916
417
836
219
689
535
808
944
996
112
415
454
737
602
217
193
917
979
503
281
495
500
397
458
617
92
267
182
677
181
882
684
844
203
614
507
561
431
671
202
609
430
532
959
786
371
797
84
504
357
512
259
287
433
297
925
255
169
858
282
177
512
819
60
532
385
24
57
843
224
715
172
285
951
167
510
365
17
865
424
987
112
848
356
561
395
435
837
222
762
678
395
590
84
319
320
672
100
475
687
140
162
331
270
456
357
327
507
787
746
510
944
207
88
815
346
82
886
100
647
73
427
847
716
132
951
906
942
155
615
648
59
535
848
974
944
987
927
814
796
702
205
999
882
731
387
301
276
802
847
775
260
377
70
686
15
983
50
135
103
466
600
372
18
530
261
936
783
738
814
597
387
168
423
628
901
129
797
239
289
601
880
856
762
237
847
113
953
201
588
500
563
269
266
205
578
691
454
328
752
505
624
925
106
690
481
848
778
692
421
338
818
378
633
622
789
609
39
931
161
382
285
666
741
686
532
411
264
742
690
99
580
4
184
466
69
55
575
860
281
327
146
623
651
293
212
865
274
556
430
940
303
628
853
692
212
156
993
740
605
406
920
677
318
84
740
875
399
112
564
818
124
810
320
993
586
248
409
884
925
180
578
598
8
232
327
865
488
912
827
925
476
313
826
182
329
560
964
612
962
466
573
619
762
539
318
26
14
529
739
887
330
165
606
524
872
484
959
659
458
633
421
674
305
685
171
926
1000
341
169
293
648
602
444
486
779
745
404
62
66
181
519
743
646
157
708
612
379
952
276
724
896
896
850
803
138
658
801
446
839
603
112
889
888
758
882
626
358
86
737
692
572
22
548
190
247
897
435
279
948
827
297
296
260
595
14
97
567
494
439
579
358
883
276
348
515
529
291
658
715
743
353
944
526
926
338
432
540
216
232
784
894
704
730
504
29
996
129
151
649
982
220
32
214
347
415
613
330
840
996
95
627
696
301
939
321
899
287
669
55
656
793
396
670
485
668
432
579
993
638
428
386
43
870
451
601
186
675
559
766
948
548
707
510
473
48
614
953
780
323
786
585
266
451
731
449
4
864
674
613
730
554
438
31
90
779
224
141
109
686
443
411
146
840
898
541
264
260
148
922
204
966
522
28
964
736
732
382
693
54
822
817
733
578
215
298
174
430
788
371
307
409
974
392
90
172
598
465
891
921
977
268
482
545
626
17
963
554
704
295
940
236
262
121
129
425
272
642
94
25
868
513
885
283
990
576
72
864
377
927
577
576
547
733
958
32
772
279
412
127
5
503
698
894
538
76
807
912
370
897
59
763
463
80
597
790
653
615
66
278
271
232
380
526
875
13
479
51
612
852
207
31
619
691
143
898
875
739
360
365
139
467
402
439
299
340
783
73
362
331
187
828
211
144
609
72
263
282
600
131
75
1
24
440
102
438
299
311
611
772
802
245
379
235
697
631
407
977
940
374
767
884
587
450
756
668
223
623
625
532
207
226
504
164
886
923
63
28
231
871
553
613
163
866
538
359
947
674
739
178
559
318
379
555
843
232
944
597
901
620
765
518
353
623
405
391
283
391
186
414
852
814
67
260
937
863
647
887
322
354
272
101
214
898
322
868
3
164
133
213
201
657
397
80
213
888
409
431
253
720
125
72
24
814
212
355
962
870
562
462
600
314
910
397
959
212
607
529
925
950
122
794
729
606
435
509
466
401
736
591
837
967
192
441
764
650
696
621
799
745
600
587
446
623
201
179
992
88
610
560
824
981
928
664
763
131
403
962
672
703
771
978
378
647
868
458
208
827
258
449
253
541
820
625
449
541
412
977
578
759
972
395
200
894
963
928
999
642
449
987
327
868
828
744
459
86
391
786
922
882
99
40
65
385
762
233
322
132
406
687
606
120
732
456
326
12
729
395
154
860
536
57
722
624
620
403
482
771
958
854
715
952
697
193
238
960
824
490
177
814
367
843
668
859
563
364
92
995
673
416
662
864
714
153
944
958
100
38
887
628
202
14
129
241
607
261
766
334
264
519
1000
62
692
974
313
810
209
703
545
637
902
861
425
196
533
914
570
13
934
233
782
891
32
212
958
649
866
974
509
744
493
506
147
273
5
32
58
234
305
312
588
369
804
364
251
682
325
455
838
428
303
334
381
159
592
256
336
542
504
4
890
495
777
914
28
765
903
660
367
129
769
264
466
684
417
864
32
274
522
632
345
392
722
954
792
601
407
623
367
516
672
753
846
412
887
909
845
322
924
43
7
813
761
35
799
411
145
633
421
267
950
350
79
361
922
795
45
268
528
929
969
802
286
88
355
993
675
419
945
504
650
502
442
294
264
105
803
518
891
288
108
675
20
373
737
622
102
681
972
1
750
922
817
299
65
808
79
351
208
768
551
945
731
801
428
249
511
55
128
842
725
684
774
178
16
873
364
594
774
420
174
459
799
38
870
581
1
26
568
509
705
160
212
860
896
703
189
879
569
372
767
131
19
941
4
664
30
846
916
109
82
342
92
852
564
764
972
402
133
83
101
134
590
501
389
497
584
730
17
786
964
567
564
339
2
516
605
81
74
93
470
98
782
528
138
657
287
872
420
139
744
399
586
454
606
819
715
615
545
883
866
308
994
323
23
638
947
203
876
566
550
24
31
804
192
100
913
280
108
946
713
707
162
521
973
434
507
917
40
260
77
388
506
998
586
559
81
40
471
68
649
15
235
58
386
295
821
96
771
365
683
136
134
223
864
664
91
421
238
147
85
407
426
430
693
18
716
191
796
841
355
423
893
360
610
818
690
653
747
326
264
757
138
746
938
460
931
240
895
554
176
614
748
980
251
146
630
529
910
31
963
889
30
708
333
791
274
686
977
139
352
479
773
88
979
959
309
910
782
845
222
105
880
775
103
954
611
422
811
870
190
207
830
349
954
707
118
496
737
870
833
812
506
726
180
98
514
127
347
223
293
225
650
711
102
174
614
675
151
285
863
180
819
37
598
915
405
267
858
714
272
134
712
323
950
386
306
384
572
701
222
439
53
724
459
106
339
903
244
304
395
721
300
423
543
112
386
155
878
177
49
470
546
514
426
392
389
177
348
26
744
690
363
50
632
384
366
130
150
779
694
989
245
754
836
967
474
870
724
854
900
639
677
555
964
109
86
244
576
672
950
826
70
286
916
852
809
11
931
751
50
73
20
935
115
368
306
886
539
825
40
898
245
618
574
715
414
767
792
915
689
434
86
330
453
430
203
61
865
853
84
152
779
372
272
320
15
602
782
224
756
791
523
953
176
55
873
997
754
92
575
748
866
786
863
387
781
126
188
77
20
301
556
884
175
924
720
156
615
412
591
621
469
237
569
769
761
563
153
721
380
76
162
891
552
655
61
712
837
546
231
572
344
898
427
390
475
846
541
302
803
198
453
480
448
266
663
130
371
366
145
581
799
987
337
84
236
934
754
489
150
632
256
649
49
466
519
278
746
102
831
479
515
713
614
451
82
512
268
707
511
250
898
926
971
128
647
758
162
429
619
345
758
399
860
509
421
945
268
288
157
469
144
832
486
555
175
91
321
932
14
589
882
837
144
72
973
795
336
838
576
141
446
29
802
343
865
712
958
888
123
78
240
905
816
50
558
407
563
869
384
581
77
327
12
570
881
963
846
276
249
815
247
312
57
361
172
868
681
326
30
418
776
747
159
317
375
295
807
765
221
262
758
901
952
827
64
426
687
408
296
434
721
362
694
849
828
737
808
865
500
194
776
968
158
760
644
400
354
721
684
717
574
692
933
40
263
660
17
885
634
93
54
303
841
438
534
987
99
957
385
696
808
629
362
79
255
924
979
463
914
540
782
725
817
714
406
141
31
139
629
948
936
438
311
748
257
49
193
961
659
659
411
330
967
816
753
300
50
48
628
227
370
146
255
967
549
818
654
650
315
722
153
12
260
768
495
329
363
332
122
205
477
67
873
276
100
824
342
50
253
323
421
842
675
781
857
505
37
774
713
798
727
284
519
289
374
452
582
236
553
460
925
100
905
182
362
216
432
432
258
533
740
453
827
439
226
144
332
721
603
164
301
1
665
473
790
944
150
264
423
547
193
81
10
925
529
753
150
556
802
6
469
301
477
915
81
877
429
245
280
920
789
786
355
181
275
187
847
112
862
428
75
798
377
776
128
731
975
821
89
3
316
954
500
411
882
231
421
357
95
529
808
548
892
686
361
243
595
868
948
372
84
885
93
659
206
724
801
39
899
354
161
704
53
146
717
264
951
157
888
546
186
295
78
825
221
849
166
662
427
669
52
607
954
344
547
222
56
804
95
329
149
520
258
360
188
91
454
594
584
815
89
81
585
146
327
182
379
853
882
529
14
943
564
228
20
293
601
872
22
834
548
215
737
136
147
78
261
450
355
429
257
927
179
384
436
438
148
717
33
33
753
973
131
470
323
92
421
191
482
231
258
730
698
579
207
488
419
549
772
548
654
81
183
175
932
321
775
970
161
993
100
728
270
283
97
399
543
886
695
628
515
878
725
182
935
596
51
996
179
736
977
576
273
720
863
471
11
541
406
392
132
606
577
583
189
554
697
755
483
427
365
617
375
830
637
650
601
597
771
333
351
399
584
401
245
486
58
14
679
439
123
336
894
346
756
821
476
967
204
897
311
645
948
392
650
533
426
355
394
195
877
221
546
654
604
68
92
976
792
682
28
308
560
842
557
910
166
971
135
337
145
132
97
125
474
609
294
73
94
362
996
305
685
77
422
557
921
207
575
36
687
35
899
499
178
603
877
600
397
369
184
10
339
238
304
428
600
768
883
517
147
88
612
79
194
308
594
28
350
798
820
483
651
550
201
190
318
591
376
973
51
756
714
722
18
680
475
877
526
421
186
851
473
949
962
514
330
764
269
583
689
876
981
436
237
754
233
161
470
665
150
292
354
293
919
130
52
271
824
155
219
455
658
224
406
513
26
566
100
903
644
387
340
161
268
260
116
681
349
121
211
431
443
889
403
199
896
8
473
985
519
690
835
820
149
737
969
690
801
582
535
265
655
418
483
109
654
639
469
78
492
66
322
601
881
181
933
758
947
284
804
930
792
532
978
203
490
597
595
651
788
579
505
275
950
718
55
860
834
129
764
339
786
224
197
528
429
776
79
700
83
752
907
708
766
774
431
294
831
644
626
77
818
260
311
991
577
69
877
104
490
391
67
451
867
758
885
516
857
31
927
696
455
285
836
119
522
235
866
865
209
569
944
586
649
954
427
216
719
947
425
733
845
684
773
752
118
38
438
3
754
116
741
128
739
755
212
813
836
460
680
269
278
538
262
196
226
845
582
782
390
503
440
730
662
145
991
560
800
208
368
988
892
706
248
19
173
390
542
51
230
669
654
752
225
682
62
141
717
549
230
134
939
554
252
571
856
369
372
804
635
836
420
582
610
726
711
9
705
387
922
108
439
73
931
699
417
69
509
522
951
512
74
507
430
867
179
362
562
435
541
775
302
536
335
112
329
980
357
443
369
902
562
375
835
247
981
542
650
570
948
219
686
193
946
962
528
47
865
603
482
177
624
72
909
310
30
848
319
623
608
370
851
157
857
985
176
369
291
964
219
701
93
434
979
649
750
312
506
247
145
251
218
117
221
915
519
632
282
973
618
618
407
294
225
7
727
674
390
272
925
531
719
391
619
384
210
142
111
785
715
581
556
462
310
329
439
71
425
315
670
161
432
185
199
27
965
842
562
894
210
711
229
41
925
844
971
206
141
376
144
66
462
904
881
326
35
955
471
154
931
698
830
783
221
680
769
87
15
620
606
671
438
278
591
380
627
835
156
628
606
629
63
370
136
99
499
254
549
180
646
116
831
252
226
693
857
396
16
753
877
732
48
769
521
877
684
723
495
977
197
291
252
205
58
572
870
800
193
456
537
442
479
751
742
816
833
146
135
54
415
755
337
980
140
410
910
403
742
472
33
69
483
173
739
308
717
267
28
785
704
256
367
743
617
205
328
215
786
611
734
244
379
397
752
88
640
393
209
250
797
90
640
144
523
416
533
663
313
323
864
188
745
169
922
422
835
1000
660
682
365
752
435
855
638
873
576
834
231
730
728
655
863
657
160
943
970
973
468
571
328
485
734
187
978
898
98
478
262
931
224
947
940
629
266
115
184
627
329
667
500
43
326
448
324
313
649
306
628
402
52
437
293
646
771
574
772
416
647
931
948
629
65
178
138
309
657
596
629
16
222
141
657
127
623
958
82
482
787
440
558
138
872
635
372
524
977
50
649
279
143
191
39
69
573
855
798
325
212
955
777
884
766
173
100
926
994
208
58
229
184
382
554
887
762
999
653
276
133
587
402
127
565
309
158
698
210
563
77
129
862
101
425
373
578
877
511
398
589
140
209
441
827
889
769
210
661
496
855
620
25
525
946
689
388
12
861
213
240
928
531
671
291
946
29
959
697
717
205
567
342
718
494
770
49
845
835
576
499
495
44
685
468
668
848
598
497
746
546
499
171
182
686
805
217
620
860
359
212
721
397
896
944
898
783
626
308
764
354
705
481
629
834
627
999
497
22
474
686
240
716
819
277
718
245
702
30
129
330
639
351
766
701
371
91
505
548
681
522
233
278
834
824
386
474
778
978
993
730
871
250
458
957
286
135
291
589
612
348
399
503
248
268
551
980
163
951
825
178
121
349
97
31
532
896
457
16
366
420
162
597
495
779
363
721
312
375
212
821
76
878
821
376
207
784
165
580
166
772
615
505
86
277
146
550
369
838
399
735
714
853
875
357
504
50
173
538
351
314
851
73
245
541
125
940
649
922
650
468
967
917
647
647
446
961
892
303
218
693
586
816
199
365
486
998
124
352
633
279
502
795
644
643
324
547
298
794
836
745
639
94
538
539
752
205
324
170
537
826
12
281
637
540
984
883
804
479
277
268
197
746
311
179
112
325
756
363
733
409
817
86
504
919
753
233
677
77
913
236
466
759
666
623
73
47
694
699
70
91
485
267
25
787
25
783
408
943
545
219
893
727
364
874
314
29
587
406
615
228
487
435
287
31
64
549
546
977
255
340
569
964
132
763
89
297
517
321
839
619
94
827
506
513
103
951
834
371
474
960
217
965
913
468
319
976
404
835
676
413
854
273
467
352
965
771
243
331
313
232
182
239
288
36
492
901
661
806
147
274
971
561
196
453
378
161
702
598
805
785
797
355
625
379
462
274
134
399
62
565
330
4
515
469
517
2
686
574
782
181
596
530
434
791
945
20
709
844
677
482
693
651
606
865
417
368
710
832
24
67
266
357
232
164
335
115
551
105
427
497
574
659
607
250
867
120
118
72
556
593
162
374
764
94
988
612
56
89
280
293
586
310
752
990
127
197
264
314
831
55
573
563
626
347
3
602
988
37
11
725
151
819
456
806
624
586
240
233
673
285
836
380
916
544
568
588
113
569
883
137
202
695
878
472
46
338
424
924
308
986
959
700
711
970
76
820
506
892
249
704
991
642
91
923
100
551
206
109
231
264
379
765
280
914
46
681
206
158
936
622
181
925
908
425
388
617
363
563
710
578
500
98
190
837
243
294
691
926
1
763
530
179
419
796
266
105
570
734
372
213
682
827
456
792
457
295
288
832
277
168
596
602
729
194
79
773
644
741
830
715
516
835
559
16
864
372
345
574
484
776
178
221
72
442
795
5
154
781
842
508
885
909
327
754
830
771
787
771
396
934
97
871
161
310
370
7
802
347
248
829
777
575
623
627
514
70
197
887
994
738
919
637
898
631
903
159
430
793
207
898
778
23
940
219
834
437
457
388
883
40
593
70
96
708
527
941
619
444
194
927
780
480
813
508
921
424
654
9
375
12
44
743
957
525
985
903
106
578
617
109
48
794
35
405
992
483
70
169
617
545
306
966
35
937
482
989
745
999
820
188
642
791
658
15
431
613
535
274
570
393
5
873
620
176
651
892
652
601
361
312
768
302
942
538
979
191
452
313
638
259
744
748
836
798
42
52
475
874
883
595
510
579
470
409
933
850
122
876
925
286
941
125
858
602
658
467
629
521
111
325
981
926
244
450
205
111
662
355
741
132
767
735
753
818
146
678
906
943
292
484
910
859
511
385
40
311
699
944
496
391
747
819
502
538
697
942
294
995
795
612
889
825
346
882
82
150
482
274
629
195
75
420
526
82
5
741
102
364
420
200
675
279
801
552
864
569
212
148
447
488
420
966
243
225
822
998
182
194
35
865
672
501
632
122
56
811
652
465
784
934
642
322
962
113
149
146
627
788
658
517
650
866
243
120
734
306
378
913
670
350
459
583
237
810
437
432
551
807
364
935
764
853
720
105
513
759
61
173
261
15
696
640
224
499
732
646
694
333
852
499
735
877
990
775
940
598
799
764
567
247
19
871
864
480
742
519
201
849
368
489
900
119
410
181
332
951
319
762
602
556
614
483
340
891
799
37
470
929
816
254
187
547
741
792
702
523
812
936
64
450
444
841
540
119
282
39
57
893
143
473
349
430
291
645
478
346
779
476
662
366
397
91
427
995
943
773
707
332
392
825
312
687
935
646
31
836
363
199
938
174
583
486
515
185
486
90
426
255
505
958
998
761
524
741
983
950
393
935
62
381
630
228
471
486
781
204
939
986
355
214
678
51
730
150
770
199
74
589
989
105
252
593
680
671
763
458
755
564
242
881
910
486
47
12
880
698
487
459
599
270
597
366
996
706
730
752
100
955
559
367
76
376
274
914
500
954
991
907
80
686
920
925
794
15
699
248
653
367
403
477
992
681
21
291
818
80
848
678
502
830
497
724
116
120
354
11
346
905
600
470
332
850
463
28
167
809
439
498
67
937
291
592
784
4
67
194
439
827
619
277
888
316
234
442
365
326
441
290
727
178
814
737
667
974
422
608
377
162
804
718
255
394
313
26
255
595
635
9
707
416
563
268
763
575
69
323
555
922
358
969
505
949
785
785
105
481
697
415
975
497
950
375
850
807
198
904
321
513
846
490
638
54
513
469
70
605
518
291
314
236
123
694
476
907
235
177
691
724
992
667
99
72
361
585
60
562
363
987
357
399
515
451
559
521
40
200
675
99
811
941
940
125
634
700
455
756
641
734
703
905
191
600
511
999
617
62
337
813
367
446
261
67
607
256
195
235
690
391
743
547
504
165
262
273
618
132
765
160
313
97
659
339
383
880
466
786
51
564
759
227
206
97
532
626
782
315
178
147
700
371
92
482
989
8
314
931
54
196
852
407
896
597
100
958
111
722
538
351
841
421
162
835
467
245
720
642
934
699
807
815
843
320
544
628
915
802
722
409
946
128
696
745
948
173
67
912
854
345
869
816
352
695
492
579
5
400
913
595
343
442
961
701
897
127
182
430
801
471
488
626
150
37
276
902
82
492
539
858
32
667
783
198
705
709
108
270
151
685
728
396
12
23
622
736
558
231
902
518
24
157
6
600
177
479
939
950
716
715
944
396
545
652
723
720
602
5
963
876
105
528
640
337
972
634
109
60
203
231
301
726
622
512
918
829
878
285
158
676
871
385
967
617
874
545
544
304
322
858
455
933
667
770
771
282
246
215
973
693
555
937
45
74
39
951
406
515
774
73
695
778
194
42
900
746
789
73
274
564
305
880
383
269
781
176
812
326
788
326
252
440
459
756
106
913
482
383
262
63
112
75
233
247
945
576
448
757
29
210
222
300
296
936
632
483
457
861
117
891
526
26
361
880
402
640
760
917
331
863
131
330
449
121
616
69
855
617
638
952
409
718
738
789
564
943
277
183
971
456
597
700
839
938
912
69
561
697
775
414
351
363
372
666
639
690
594
901
593
226
848
722
78
441
515
790
660
790
88
57
572
104
479
25
477
198
957
413
935
329
291
327
881
300
127
330
442
630
425
453
249
555
404
83
742
514
529
976
394
782
66
136
404
86
780
466
70
932
778
490
880
696
157
5
489
656
711
605
230
260
760
885
460
266
804
903
952
628
265
962
536
297
553
226
209
410
598
977
428
20
159
765
834
391
148
990
905
718
379
760
523
737
431
635
130
811
33
670
771
96
496
364
424
933
386
310
853
288
582
933
717
135
580
57
447
727
928
38
298
535
765
831
24
780
38
325
633
623
966
806
881
917
341
230
127
316
496
166
455
922
587
826
382
8
753
296
413
967
60
137
410
978
371
161
292
305
239
941
859
155
4
472
836
107
878
145
617
620
705
253
860
459
755
281
976
123
250
347
466
903
30
>>>>>>> 0ddb39fb91f7fe74b903071505db4532252fa3e4
